births <-
c(26.663, 23.597999999999999, 26.931000000000001, 24.739999999999998, 
25.806000000000001, 24.364000000000001, 24.477, 23.901, 23.175000000000001, 
23.227, 21.672000000000001, 21.870000000000001, 21.439, 21.088999999999999, 
23.709, 21.669, 21.751999999999999, 20.760999999999999, 23.478999999999999, 
23.824000000000002, 23.105, 23.109999999999999, 21.759, 22.073, 
21.937000000000001, 20.035, 23.59, 21.672000000000001, 22.222000000000001, 
22.123000000000001, 23.949999999999999, 23.504000000000001, 22.238, 
23.141999999999999, 21.059000000000001, 21.573, 21.547999999999998, 
20, 22.423999999999999, 20.614999999999998, 21.760999999999999, 
22.873999999999999, 24.103999999999999, 23.748000000000001, 23.262, 
22.907, 21.518999999999998, 22.024999999999999, 22.603999999999999, 
20.893999999999998, 24.677, 23.672999999999998, 25.32, 23.582999999999998, 
24.670999999999999, 24.454000000000001, 24.122, 24.251999999999999, 
22.084, 22.991, 23.286999999999999, 23.048999999999999, 25.076000000000001, 
24.036999999999999, 24.43, 24.667000000000002, 26.451000000000001, 
25.617999999999999, 25.013999999999999, 25.109999999999999, 22.963999999999999, 
23.981000000000002, 23.797999999999998, 22.27, 24.774999999999999, 
22.646000000000001, 23.988, 24.736999999999998, 26.276, 25.815999999999999, 
25.210000000000001, 25.199000000000002, 23.161999999999999, 24.707000000000001, 
24.364000000000001, 22.643999999999998, 25.565000000000001, 24.062000000000001, 
25.431000000000001, 24.635000000000002, 27.009, 26.606000000000002, 
26.268000000000001, 26.462, 25.245999999999999, 25.18, 24.657, 
23.303999999999998, 26.981999999999999, 26.199000000000002, 27.210000000000001, 
26.122, 26.706, 26.878, 26.152000000000001, 26.379000000000001, 
24.712, 25.687999999999999, 24.989999999999998, 24.239000000000001, 
26.721, 23.475000000000001, 24.766999999999999, 26.219000000000001, 
28.361000000000001, 28.599, 27.914000000000001, 27.783999999999999, 
25.693000000000001, 26.881, 26.216999999999999, 24.218, 27.914000000000001, 
26.975000000000001, 28.527000000000001, 27.138999999999999, 28.981999999999999, 
28.169, 28.056000000000001, 29.135999999999999, 26.291, 26.986999999999998, 
26.588999999999999, 24.847999999999999, 27.542999999999999, 26.896000000000001, 
28.878, 27.390000000000001, 28.065000000000001, 28.140999999999998, 
29.047999999999998, 28.484000000000002, 26.634, 27.734999999999999, 
27.132000000000001, 24.923999999999999, 28.963000000000001, 26.588999999999999, 
27.931000000000001, 28.009, 29.228999999999999, 28.759, 28.405000000000001, 
27.945, 25.911999999999999, 26.619, 26.076000000000001, 25.286000000000001, 
27.66, 25.951000000000001, 26.398, 25.565000000000001, 28.864999999999998, 
30, 29.260999999999999, 29.012, 26.992000000000001, 27.896999999999998
)
