x <- c(2, 2, 3, 1, 3, 3, 1, 2, 1)
y <- c(2, 1, 6, 5, 4, 7, 8, 9, 3)
w <- c(1, 1, 2, 2, 2, 2, 2, 1, 1)

